0
2069
8268
18573
32943
51321
73635
99796
129702
163234
200260
240634
284197
330776
380189
432238
486721
543421
602114
662569
724548
787806
852092
917155
982735
1048576
1114417
1179997
1245060
1309346
1372604
1434583
1495038
1553731
1610431
1664914
1716963
1766376
1812955
1856518
1896892
1933918
1967450
1997356
2023517
2045831
2064209
2078579
2088884
2095083
2097152
2095083
2088884
2078579
2064209
2045831
2023517
1997356
1967450
1933918
1896892
1856518
1812955
1766376
1716963
1664914
1610431
1553731
1495038
1434583
1372604
1309346
1245060
1179997
1114417
1048576
982735
917155
852092
787806
724548
662569
602114
543421
486721
432238
380189
330776
284197
240634
200260
163234
129702
99796
73635
51321
32943
18573
8268
2069
0
2069
8268
18573
32943
51321
73635
99796
129702
163234
200260
240634
284197
330776
380189
432238
486721
543421
602114
662569
724548
787806
852092
917155
982735
1048576
1114417
1179997
1245060
1309346
1372604
1434583
1495038
1553731
1610431
1664914
1716963
1766376
1812955
1856518
1896892
1933918
1967450
1997356
2023517
2045831
2064209
2078579
2088884
2095083
2097152
2095083
2088884
2078579
2064209
2045831
2023517
1997356
1967450
1933918
1896892
1856518
1812955
1766376
1716963
1664914
1610431
1553731
1495038
1434583
1372604
1309346
1245060
1179997
1114417
1048576
982735
917155
852092
787806
724548
662569
602114
543421
486721
432238
380189
330776
284197
240634
200260
163234
129702
99796
73635
51321
32943
18573
8268
2069
0
2069
8268
18573
32943
51321
73635
99796
129702
163234
200260
240634
284197
330776
380189
432238
486721
543421
602114
662569
724548
787806
852092
917155
982735
1048576
1114417
1179997
1245060
1309346
1372604
1434583
1495038
1553731
1610431
1664914
1716963
1766376
1812955
1856518
1896892
1933918
1967450
1997356
2023517
2045831
2064209
2078579
2088884
2095083
2097152
2095083
2088884
2078579
2064209
2045831
2023517
1997356
1967450
1933918
1896892
1856518
1812955
1766376
1716963
1664914
1610431
1553731
1495038
1434583
1372604
1309346
1245060
1179997
1114417
1048576
982735
917155
852092
787806
724548
662569
602114
543421
486721
432238
380189
330776
284197
240634
200260
163234
129702
99796
73635
51321
32943
18573
8268
2069
0
2069
8268
18573
32943
51321
73635
99796
129702
163234
200260
240634
284197
330776
380189
432238
486721
543421
602114
662569
724548
787806
852092
917155
982735
1048576
1114417
1179997
1245060
1309346
1372604
1434583
1495038
1553731
1610431
1664914
1716963
1766376
1812955
1856518
1896892
1933918
1967450
1997356
2023517
2045831
2064209
2078579
2088884
2095083
2097152
2095083
2088884
2078579
2064209
2045831
2023517
1997356
1967450
1933918
1896892
1856518
1812955
1766376
1716963
1664914
1610431
1553731
1495038
1434583
1372604
1309346
1245060
1179997
1114417
1048576
982735
917155
852092
787806
724548
662569
602114
543421
486721
432238
380189
330776
284197
240634
200260
163234
129702
99796
73635
51321
32943
18573
8268
2069
0
2069
8268
18573
32943
51321
73635
99796
129702
163234
200260
240634
284197
330776
380189
432238
486721
543421
602114
662569
724548
787806
852092
917155
982735
1048576
1114417
1179997
1245060
1309346
1372604
1434583
1495038
1553731
1610431
1664914
1716963
1766376
1812955
1856518
1896892
1933918
1967450
1997356
2023517
2045831
2064209
2078579
2088884
2095083
2097152
2095083
2088884
2078579
2064209
2045831
2023517
1997356
1967450
1933918
1896892
1856518
1812955
1766376
1716963
1664914
1610431
1553731
1495038
1434583
1372604
1309346
1245060
1179997
1114417
1048576
982735
917155
852092
787806
724548
662569
602114
543421
486721
432238
380189
330776
284197
240634
200260
163234
129702
99796
73635
51321
32943
18573
8268
2069
0
2069
8268
18573
32943
51321
73635
99796
129702
163234
200260
240634
284197
330776
380189
432238
486721
543421
602114
662569
724548
787806
852092
917155
982735
1048576
1114417
1179997
1245060
1309346
1372604
1434583
1495038
1553731
1610431
1664914
1716963
1766376
1812955
1856518
1896892
1933918
1967450
1997356
2023517
2045831
2064209
2078579
2088884
2095083
2097152
2095083
2088884
2078579
2064209
2045831
2023517
1997356
1967450
1933918
1896892
1856518
1812955
1766376
1716963
1664914
1610431
1553731
1495038
1434583
1372604
1309346
1245060
1179997
1114417
1048576
982735
917155
852092
787806
724548
662569
602114
543421
486721
432238
380189
330776
284197
240634
200260
163234
129702
99796
73635
51321
32943
18573
8268
2069
0
2069
8268
18573
32943
51321
73635
99796
129702
163234
200260
240634
284197
330776
380189
432238
486721
543421
602114
662569
724548
787806
852092
917155
982735
1048576
1114417
1179997
1245060
1309346
1372604
1434583
1495038
1553731
1610431
1664914
1716963
1766376
1812955
1856518
1896892
1933918
1967450
1997356
2023517
2045831
2064209
2078579
2088884
2095083
2097152
2095083
2088884
2078579
2064209
2045831
2023517
1997356
1967450
1933918
1896892
1856518
1812955
1766376
1716963
1664914
1610431
1553731
1495038
1434583
1372604
1309346
1245060
1179997
1114417
1048576
982735
917155
852092
787806
724548
662569
602114
543421
486721
432238
380189
330776
284197
240634
200260
163234
129702
99796
73635
51321
32943
18573
8268
2069
0
2069
8268
18573
32943
51321
73635
99796
129702
163234
200260
240634
284197
330776
380189
432238
486721
543421
602114
662569
724548
787806
852092
917155
982735
1048576
1114417
1179997
1245060
1309346
1372604
1434583
1495038
1553731
1610431
1664914
1716963
1766376
1812955
1856518
1896892
1933918
1967450
1997356
2023517
2045831
2064209
2078579
2088884
2095083
2097152
2095083
2088884
2078579
2064209
2045831
2023517
1997356
1967450
1933918
1896892
1856518
1812955
1766376
1716963
1664914
1610431
1553731
1495038
1434583
1372604
1309346
1245060
1179997
1114417
1048576
982735
917155
852092
787806
724548
662569
602114
543421
486721
432238
380189
330776
284197
240634
200260
163234
129702
99796
73635
51321
32943
18573
8268
2069
0
2069
8268
18573
32943
51321
73635
99796
129702
163234
200260
240634
284197
330776
380189
432238
486721
543421
602114
662569
724548
787806
852092
917155
982735
1048576
1114417
1179997
1245060
1309346
1372604
1434583
1495038
1553731
1610431
1664914
1716963
1766376
1812955
1856518
1896892
1933918
1967450
1997356
2023517
2045831
2064209
2078579
2088884
2095083
2097152
2095083
2088884
2078579
2064209
2045831
2023517
1997356
1967450
1933918
1896892
1856518
1812955
1766376
1716963
1664914
1610431
1553731
1495038
1434583
1372604
1309346
1245060
1179997
1114417
1048576
982735
917155
852092
787806
724548
662569
602114
543421
486721
432238
380189
330776
284197
240634
200260
163234
129702
99796
73635
51321
32943
18573
8268
2069
0
2069
8268
18573
32943
51321
73635
99796
129702
163234
200260
240634
284197
330776
380189
432238
486721
543421
602114
662569
724548
787806
852092
917155
982735
1048576
1114417
1179997
1245060
1309346
1372604
1434583
1495038
1553731
1610431
1664914
1716963
1766376
1812955
1856518
1896892
1933918
1967450
1997356
2023517
2045831
2064209
2078579
2088884
2095083
2097152
2095083
2088884
2078579
2064209
2045831
2023517
1997356
1967450
1933918
1896892
1856518
1812955
1766376
1716963
1664914
1610431
1553731
1495038
1434583
1372604
1309346
1245060
1179997
1114417
1048576
982735
917155
852092
787806
724548
662569
602114
543421
486721
432238
380189
330776
284197
240634
200260
163234
129702
99796
73635
51321
32943
18573
8268
2069
0
2069
8268
18573
32943
51321
73635
99796
129702
163234
200260
240634
284197
330776
380189
432238
486721
543421
602114
662569
724548
787806
852092
917155
982735
1048576
1114417
1179997
1245060
1309346
1372604
1434583
1495038
1553731
1610431
1664914
1716963
1766376
1812955
1856518
1896892
1933918
1967450
1997356
2023517
2045831
2064209
2078579
2088884
2095083
2097152
2095083
2088884
2078579
2064209
2045831
2023517
1997356
1967450
1933918
1896892
1856518
1812955
1766376
1716963
1664914
1610431
1553731
1495038
1434583
1372604
1309346
1245060
1179997
1114417
1048576
982735
917155
852092
787806
724548
662569
602114
543421
486721
432238
380189
330776
284197
240634
200260
163234
129702
99796
73635
51321
32943
18573
8268
2069
0
2069
8268
18573
32943
51321
73635
99796
129702
163234
200260
240634
284197
330776
380189
432238
486721
543421
602114
662569
724548
787806
852092
917155
982735
1048576
1114417
1179997
1245060
1309346
1372604
1434583
1495038
1553731
1610431
1664914
1716963
1766376
1812955
1856518
1896892
1933918
1967450
1997356
2023517
2045831
2064209
2078579
2088884
2095083
2097152
2095083
2088884
2078579
2064209
2045831
2023517
1997356
1967450
1933918
1896892
1856518
1812955
1766376
1716963
1664914
1610431
1553731
1495038
1434583
1372604
1309346
1245060
1179997
1114417
1048576
982735
917155
852092
787806
724548
662569
602114
543421
486721
432238
380189
330776
284197
240634
200260
163234
129702
99796
73635
51321
32943
18573
8268
2069
0
2069
8268
18573
32943
51321
73635
99796
129702
163234
200260
240634
284197
330776
380189
432238
486721
543421
602114
662569
724548
787806
852092
917155
982735
1048576
1114417
1179997
1245060
1309346
1372604
1434583
1495038
1553731
1610431
1664914
1716963
1766376
1812955
1856518
1896892
1933918
1967450
1997356
2023517
2045831
2064209
2078579
2088884
2095083
2097152
2095083
2088884
2078579
2064209
2045831
2023517
1997356
1967450
1933918
1896892
1856518
1812955
1766376
1716963
1664914
1610431
1553731
1495038
1434583
1372604
1309346
1245060
1179997
1114417
1048576
982735
917155
852092
787806
724548
662569
602114
543421
486721
432238
380189
330776
284197
240634
200260
163234
129702
99796
73635
51321
32943
18573
8268
2069
0
2069
8268
18573
32943
51321
73635
99796
129702
163234
200260
240634
284197
330776
380189
432238
486721
543421
602114
662569
724548
787806
852092
917155
982735
1048576
1114417
1179997
1245060
1309346
1372604
1434583
1495038
1553731
1610431
1664914
1716963
1766376
1812955
1856518
1896892
1933918
1967450
1997356
2023517
2045831
2064209
2078579
2088884
2095083
2097152
2095083
2088884
2078579
2064209
2045831
2023517
1997356
1967450
1933918
1896892
1856518
1812955
1766376
1716963
1664914
1610431
1553731
1495038
1434583
1372604
1309346
1245060
1179997
1114417
1048576
982735
917155
852092
787806
724548
662569
602114
543421
486721
432238
380189
330776
284197
240634
200260
163234
129702
99796
73635
51321
32943
18573
8268
2069
0
2069
8268
18573
32943
51321
73635
99796
129702
163234
200260
240634
284197
330776
380189
432238
486721
543421
602114
662569
724548
787806
852092
917155
982735
1048576
1114417
1179997
1245060
1309346
1372604
1434583
1495038
1553731
1610431
1664914
1716963
1766376
1812955
1856518
1896892
1933918
1967450
1997356
2023517
2045831
2064209
2078579
2088884
2095083
2097152
2095083
2088884
2078579
2064209
2045831
2023517
1997356
1967450
1933918
1896892
1856518
1812955
1766376
1716963
1664914
1610431
1553731
1495038
1434583
1372604
1309346
1245060
1179997
1114417
1048576
982735
917155
852092
787806
724548
662569
602114
543421
486721
432238
380189
330776
284197
240634
200260
163234
129702
99796
73635
51321
32943
18573
8268
2069
0
2069
8268
18573
32943
51321
73635
99796
129702
163234
200260
240634
284197
330776
380189
432238
486721
543421
602114
662569
724548
787806
852092
917155
982735
1048576
1114417
1179997
1245060
1309346
1372604
1434583
1495038
1553731
1610431
1664914
1716963
1766376
1812955
1856518
1896892
1933918
1967450
1997356
2023517
2045831
2064209
2078579
2088884
2095083
2097152
2095083
2088884
2078579
2064209
2045831
2023517
1997356
1967450
1933918
1896892
1856518
1812955
1766376
1716963
1664914
1610431
1553731
1495038
1434583
1372604
1309346
1245060
1179997
1114417
1048576
982735
917155
852092
787806
724548
662569
602114
543421
486721
432238
380189
330776
284197
240634
200260
163234
129702
99796
73635
51321
32943
18573
8268
2069
0
2069
8268
18573
32943
51321
73635
99796
129702
163234
200260
240634
284197
330776
380189
432238
486721
543421
602114
662569
724548
787806
852092
917155
982735
1048576
1114417
1179997
1245060
1309346
1372604
1434583
1495038
1553731
1610431
1664914
1716963
1766376
1812955
1856518
1896892
1933918
1967450
1997356
2023517
2045831
2064209
2078579
2088884
2095083
2097152
2095083
2088884
2078579
2064209
2045831
2023517
1997356
1967450
1933918
1896892
1856518
1812955
1766376
1716963
1664914
1610431
1553731
1495038
1434583
1372604
1309346
1245060
1179997
1114417
1048576
982735
917155
852092
787806
724548
662569
602114
543421
486721
432238
380189
330776
284197
240634
200260
163234
129702
99796
73635
51321
32943
18573
8268
2069
0
2069
8268
18573
32943
51321
73635
99796
129702
163234
200260
240634
284197
330776
380189
432238
486721
543421
602114
662569
724548
787806
852092
917155
982735
1048576
1114417
1179997
1245060
1309346
1372604
1434583
1495038
1553731
1610431
1664914
1716963
1766376
1812955
1856518
1896892
1933918
1967450
1997356
2023517
2045831
2064209
2078579
2088884
2095083
2097152
2095083
2088884
2078579
2064209
2045831
2023517
1997356
1967450
1933918
1896892
1856518
1812955
1766376
1716963
1664914
1610431
1553731
1495038
1434583
1372604
1309346
1245060
1179997
1114417
1048576
982735
917155
852092
787806
724548
662569
602114
543421
486721
432238
380189
330776
284197
240634
200260
163234
129702
99796
73635
51321
32943
18573
8268
2069
0
2069
8268
18573
32943
51321
73635
99796
129702
163234
200260
240634
284197
330776
380189
432238
486721
543421
602114
662569
724548
787806
852092
917155
982735
1048576
1114417
1179997
1245060
1309346
1372604
1434583
1495038
1553731
1610431
1664914
1716963
1766376
1812955
1856518
1896892
1933918
1967450
1997356
2023517
2045831
2064209
2078579
2088884
2095083
2097152
2095083
2088884
2078579
2064209
2045831
2023517
1997356
1967450
1933918
1896892
1856518
1812955
1766376
1716963
1664914
1610431
1553731
1495038
1434583
1372604
1309346
1245060
1179997
1114417
1048576
982735
917155
852092
787806
724548
662569
602114
543421
486721
432238
380189
330776
284197
240634
200260
163234
129702
99796
73635
51321
32943
18573
8268
2069
0
2069
8268
18573
32943
51321
73635
99796
129702
163234
200260
240634
284197
330776
380189
432238
486721
543421
602114
662569
724548
787806
852092
917155
982735
1048576
1114417
1179997
1245060
1309346
1372604
1434583
1495038
1553731
1610431
1664914
1716963
1766376
1812955
1856518
1896892
1933918
1967450
1997356
2023517
2045831
2064209
2078579
2088884
2095083
2097152
